%# iteration evaluations sigma axisratio fitness_of(bestever best median worst) mindii idxmaxSD maxSD idxminSD minSD (randomSeed=1615389099698, Wed Mar 10 16:11:39 CET 2021)

1 14 0.16496672784477037 1.0 -6.0 -6.0 -3.0 -2.0 1.0 11 0.16530213435440494 9 0.1645409716332368
2 28 0.15689191979448042 1.0 -7.0 -7.0 -5.0 -2.0 1.0 16 0.1570404730108586 15 0.15616323723014622
3 42 0.15224819070157158 1.0351963402863458 -8.0 -8.0 -6.0 -4.0 0.9941751514369912 9 0.15270756579319597 1 0.1512814580745507
4 56 0.1514983431071134 1.0351963402863458 -8.0 -8.0 -6.0 -5.0 0.9941751514369912 9 0.15274401169249557 1 0.15015848933976828
5 70 0.15038453668509671 1.060502686946444 -9.0 -9.0 -7.0 -6.0 0.9883842317347663 9 0.15183877869599519 29 0.14916278703764846
6 84 0.15117401207012107 1.060502686946444 -9.0 -9.0 -8.0 -5.0 0.9883842317347663 9 0.15245706142843415 17 0.1499959939778498
7 98 0.14998722312645774 1.08304083733677 -10.0 -10.0 -8.0 -0.4940806302157315 0.9828580387533995 9 0.15097342600292496 17 0.1486515236886564
8 112 0.1506207811073592 1.08304083733677 -10.0 -10.0 -8.0 -7.0 0.9828580387533995 7 0.15228262324077244 17 0.14900423165759746
9 126 0.1513600996715863 1.1068193566399394 -11.0 -11.0 -9.0 -7.0 0.9779744832129601 7 0.15313787830560108 17 0.14971683892040066
10 140 0.15428241276408103 1.1068193566399394 -11.0 -10.0 -8.0 -8.0 0.9779744832129601 7 0.15593216866740128 17 0.1526967596699486
11 154 0.15984517294082745 1.1415390423549676 -11.0 -10.0 -9.0 -5.0 0.97301431476132 27 0.16214125942244312 2 0.15812222900820722
12 168 0.16174331235804792 1.1415390423549676 -11.0 -10.0 -9.0 -7.0 0.97301431476132 27 0.16417051385675063 2 0.1596703108200903
13 182 0.1642410903893791 1.188326153523562 -11.0 -11.0 -9.0 -6.0 0.9684626306432201 7 0.16720649089679832 2 0.16200210980855015
14 196 0.1651979896141213 1.188326153523562 -11.0 -10.0 -9.0 -6.0 0.9684626306432201 7 0.16813120557019634 2 0.16266981310132805
15 210 0.1621257826345661 1.2287092526179124 -12.0 -12.0 -9.0 -7.0 0.9638490541872726 7 0.16522508044893652 2 0.1595293561482181
16 224 0.16242970280558824 1.2287092526179124 -12.0 -11.0 -9.0 -7.0 0.9638490541872726 7 0.1654619347871202 2 0.1597301586561456
17 238 0.16315028935182715 1.255629033940536 -12.0 -10.0 -9.0 -6.0 0.9601480558828781 30 0.16651120657858587 2 0.1604085123574327
18 252 0.16234565418641791 1.255629033940536 -12.0 -11.0 -9.0 -6.0 0.9601480558828781 30 0.16574958743000112 13 0.15949602660984333
19 266 0.1601647867770433 1.290386207865916 -12.0 -10.0 -9.0 -7.0 0.9563740331384984 30 0.16358036342457946 2 0.15736503638417865
20 280 0.15707182626459235 1.290386207865916 -12.0 -10.0 -9.0 -8.0 0.9563740331384984 30 0.160459374600468 13 0.15419950285609152
21 294 0.15088646159078117 1.3114801469224486 -12.0 -11.0 -10.0 -8.0 0.9526934728532543 30 0.15413955732874857 20 0.14800354625884418
22 308 0.14504689490427833 1.3114801469224486 -12.0 -11.0 -9.0 -6.0 0.9526934728532543 30 0.14810111545966556 20 0.14207065703490898
23 322 0.14536909744478757 1.3267201743042174 -12.0 -12.0 -10.0 -7.0 0.9486348348829212 15 0.14917064945356745 20 0.14234516781857726
24 336 0.14466354916039534 1.3267201743042174 -12.0 -12.0 -9.0 -8.0 0.9486348348829212 15 0.14850738961988114 20 0.1418245953026788
25 350 0.1389645821403108 1.350158598671899 -12.0 -12.0 -10.0 -7.0 0.9471879114844335 15 0.14259605873883394 20 0.13597027145775592
26 364 0.13909709110229948 1.350158598671899 -12.0 -12.0 -11.0 -9.0 0.9471879114844335 15 0.14360141126177486 5 0.13600157627234333
27 378 0.13929031810030157 1.3694164000288545 -12.0 -12.0 -10.0 -8.0 0.9431059626565271 15 0.14377308419598134 5 0.13609150354196506
28 392 0.14117125770445818 1.3694164000288545 -12.0 -12.0 -10.0 -8.0 0.9431059626565271 15 0.14577995735823146 5 0.13765797096148827
29 406 0.13932746555932962 1.3975444367991599 -12.0 -12.0 -10.0 -8.0 0.939491525346524 15 0.143767734100309 5 0.135698258608116
30 420 0.13728218744831255 1.3975444367991599 -12.0 -12.0 -11.0 -9.0 0.939491525346524 30 0.14191620596893192 5 0.1334763896222695
31 434 0.13553470078596785 1.4144056781758165 -12.0 -12.0 -11.0 -8.0 0.9363133482898202 30 0.1402826752565156 5 0.13158805989359984
32 448 0.1317070325324145 1.4144056781758165 -12.0 -12.0 -11.0 -11.0 0.9363133482898202 30 0.13650368234117083 5 0.12757110266884067
33 462 0.13012197219034555 1.4180313099999553 -12.0 -12.0 -11.0 -9.0 0.9329722816978215 30 0.13508619505184138 5 0.12584898287938603
34 476 0.13037029775477285 1.4180313099999553 -12.0 -12.0 -11.0 -9.0 0.9329722816978215 30 0.13615929652273095 5 0.1260037048318904
35 490 0.12993292778237533 1.424976878720684 -12.0 -12.0 -11.0 -8.0 0.9283919521471685 30 0.13568400634246489 5 0.12563278622968102
36 504 0.1252279626454536 1.424976878720684 -12.0 -12.0 -10.0 -9.0 0.9283919521471685 30 0.13057946042984717 5 0.12090764208266795
37 518 0.12090126244019707 1.4319452197606726 -12.0 -12.0 -11.0 -9.0 0.9253282458022093 30 0.1259611569718933 5 0.11663721891616124
38 532 0.11759633808585583 1.4319452197606726 -12.0 -12.0 -10.0 -8.0 0.9253282458022093 30 0.12276498094888756 5 0.11328145145033297
39 546 0.11809703921706959 1.4376423426050973 -12.0 -12.0 -11.0 -8.0 0.9214742261323238 30 0.12325316397567057 5 0.1137844524474961
40 560 0.11671320018153845 1.4376423426050973 -12.0 -12.0 -11.0 -8.0 0.9214742261323238 30 0.12174146712456256 5 0.1124714831569326
41 574 0.11396504600510116 1.4361174752159904 -12.0 -12.0 -11.0 -9.0 0.9186686679183591 30 0.11900783809782814 5 0.10997827955775424
42 588 0.1123060831859804 1.4361174752159904 -12.0 -12.0 -9.0 -7.0 0.9186686679183591 30 0.11701393382372727 5 0.10823080483404268
43 602 0.1104170994771579 1.4413341337409713 -12.0 -12.0 -11.0 -8.0 0.9153602946709998 30 0.1149803147957822 5 0.10624960763350703
44 616 0.10872423723984538 1.4413341337409713 -12.0 -12.0 -11.0 -8.0 0.9153602946709998 30 0.11299330510690153 5 0.1045103100710228
45 630 0.1072881334954762 1.4412769831911076 -12.0 -12.0 -11.0 -7.0 0.911804188745834 30 0.11166085005178247 5 0.10292112925220229
46 644 0.10481539054462029 1.4412769831911076 -12.0 -12.0 -12.0 -10.0 0.911804188745834 30 0.109148450281078 5 0.10046175315477311
47 658 0.14346198824030623 1.4488004043601204 -12.0 -12.0 -11.0 -8.0 0.9087666491968469 30 0.14935084070734045 5 0.1374112745660451
48 672 0.14242423696531947 1.4488004043601204 -12.0 -12.0 -11.0 -9.0 0.9087666491968469 30 0.148032203029665 5 0.136421423912117
49 686 0.14291416753408118 1.4533910774783505 -12.0 -12.0 -10.0 -8.0 0.9049790450434475 30 0.1496191055304093 5 0.13711308776785508
50 700 0.14341027089357586 1.4533910774783505 -12.0 -12.0 -11.0 -8.0 0.9049790450434475 30 0.14994642683838844 5 0.13725662558526341
51 714 0.14436218518161517 1.4604054839550242 -12.0 -12.0 -11.0 -6.0 0.9019533915696807 30 0.15084500666646847 5 0.1379180446623633
52 728 0.14539811949969306 1.4604054839550242 -12.0 -12.0 -11.0 -10.0 0.9019533915696807 30 0.1518746852587689 5 0.13871730711389219
53 742 0.14272182115283913 1.4635851085148543 -12.0 -12.0 -11.0 -0.8732768839055841 0.8979077055496281 30 0.14884972547594907 5 0.13591588418997397
54 756 0.1402543491602822 1.4635851085148543 -12.0 -12.0 -11.0 -9.0 0.8979077055496281 30 0.14627445523765584 5 0.133572657227971
55 770 0.13845967088757571 1.4635644590231607 -12.0 -12.0 -10.0 -8.0 0.8952599814908854 30 0.144313409957556 5 0.13237936134012798
56 784 0.1392984720848321 1.4635644590231607 -12.0 -12.0 -11.0 -7.0 0.8952599814908854 30 0.14529378692801764 5 0.1331665906969587
57 798 0.14082405697967465 1.4663309145043444 -12.0 -12.0 -10.0 -8.0 0.8924444823172173 30 0.14689338986231598 5 0.13473794956177795
58 812 0.14378229962918052 1.4663309145043444 -12.0 -12.0 -10.0 -8.0 0.8924444823172173 30 0.15016286344283747 20 0.13772810530596247
59 826 0.1419659986388222 1.4757350972075913 -12.0 -12.0 -11.0 -8.0 0.8883012959449972 30 0.14830238293117637 20 0.13597808301520123
60 840 0.14145916162110114 1.4757350972075913 -12.0 -12.0 -10.0 -8.0 0.8883012959449972 30 0.14772378856357377 20 0.13538214667746173
61 854 0.14428219902845443 1.4849152777617554 -12.0 -12.0 -11.0 -9.0 0.8838686135129369 30 0.15069349707636176 20 0.1380347153580864
62 868 0.15194960979036165 1.4849152777617554 -12.0 -12.0 -11.0 -8.0 0.8838686135129369 30 0.15876145611313297 20 0.14517446057073663
63 882 0.15813243726928397 1.4887162731215302 -12.0 -12.0 -10.0 -8.0 0.8807190734044344 30 0.16498306656918554 9 0.1507462451771139
64 896 0.15599903731722134 1.4887162731215302 -12.0 -12.0 -10.0 -8.0 0.8807190734044344 30 0.1626355281246908 9 0.14844655557934683
65 910 0.15433763247940527 1.4961473670806535 -12.0 -12.0 -11.0 -8.0 0.8765053276866113 30 0.1609719305761238 9 0.14658403322575655
66 924 0.15066657527770358 1.4961473670806535 -12.0 -12.0 -10.0 -0.5960035757585005 0.8765053276866113 30 0.15722579722527696 9 0.14284122682522715
67 938 0.1462230120596657 1.5002684419896368 -12.0 -12.0 -11.0 -9.0 0.8726629314573168 30 0.15242768811521856 9 0.13886685994184234
68 952 0.14370865514163084 1.5002684419896368 -12.0 -12.0 -11.0 -8.0 0.8726629314573168 30 0.14955741236153108 9 0.13641469236434942
69 966 0.1420588822989675 1.5065430335689878 -12.0 -12.0 -11.0 -8.0 0.8682408322731917 30 0.14763339052528607 9 0.1346626413986725
70 980 0.14184385317457926 1.5065430335689878 -12.0 -12.0 -11.0 -9.0 0.8682408322731917 30 0.147260305636437 9 0.13436078257646186
71 994 0.14065859127976127 1.5096562935205862 -12.0 -12.0 -11.0 -8.0 0.864870657483034 30 0.1459671531836612 9 0.13300974803084134
72 1008 0.13501003301637365 1.5096562935205862 -12.0 -12.0 -11.0 -8.0 0.864870657483034 27 0.13984565335497792 9 0.1277493826897637
73 1022 0.1328824064353145 1.5132382090462242 -12.0 -12.0 -11.0 -8.0 0.862159918301453 30 0.1379482558559996 9 0.12557368252515477
74 1036 0.1350140002733643 1.5132382090462242 -12.0 -12.0 -11.0 -0.8574118180708452 0.862159918301453 27 0.14041660927144664 9 0.12759793740741932
75 1050 0.1386306393486237 1.516897286338707 -12.0 -12.0 -10.0 -9.0 0.8590085855438093 27 0.14412402080470849 9 0.13106182930959376
76 1064 0.14152073230851722 1.516897286338707 -12.0 -12.0 -11.0 -9.0 0.8590085855438093 27 0.1470991589021834 9 0.13374682113468253
77 1078 0.14398013590431974 1.5203928059755774 -12.0 -12.0 -11.0 -8.0 0.8553862076329654 27 0.15015274176925034 9 0.13599646376161018
78 1092 0.14688357827743137 1.5203928059755774 -12.0 -12.0 -11.0 -9.0 0.8553862076329654 27 0.15347308023471692 9 0.13853321435874522
79 1106 0.1460207333389589 1.5303782577552352 -12.0 -12.0 -12.0 -7.0 0.8521748687660423 27 0.15292690058787975 9 0.13777862582511696
80 1120 0.20591044117449323 1.5303782577552352 -12.0 -12.0 -11.0 -8.0 0.8521748687660423 27 0.21597212983489647 9 0.19395126130812448
81 1134 0.20182742988341826 1.5394735794602936 -12.0 -12.0 -10.0 -7.0 0.8487691174326157 27 0.21186896205530134 9 0.18975976298384178
82 1148 0.19552208046779304 1.5394735794602936 -12.0 -12.0 -10.0 -7.0 0.8487691174326157 27 0.20503071746720652 9 0.18390323724056834
83 1162 0.19222525466853788 1.547071078322212 -12.0 -12.0 -10.0 -7.0 0.8449692192341512 27 0.20144960332033462 9 0.18062059191766452
84 1176 0.18790001210984256 1.547071078322212 -12.0 -12.0 -10.0 -7.0 0.8449692192341512 27 0.19689428508143805 9 0.1762708010657216
85 1190 0.18373171295724036 1.5535660203216697 -12.0 -12.0 -9.0 -7.0 0.8412864188944121 27 0.1926619292117546 9 0.17250778914394485
86 1204 0.1811535044190665 1.5535660203216697 -12.0 -12.0 -9.0 -7.0 0.8412864188944121 27 0.18982421544593225 9 0.16970975653728962
87 1218 0.17690971528535018 1.5558007802934162 -12.0 -11.0 -10.0 -7.0 0.8376881975596331 27 0.18524528776895918 9 0.1656448122748787
88 1232 0.17240177736145026 1.5558007802934162 -12.0 -12.0 -8.0 -7.0 0.8376881975596331 27 0.18017922303490116 9 0.1611905439241188
89 1246 0.16854238678024594 1.5668886475340316 -12.0 -12.0 -10.0 -8.0 0.8346853641168615 27 0.1762060088963461 9 0.1573192217414354
90 1260 0.16621845191918114 1.5668886475340316 -12.0 -11.0 -10.0 -5.0 0.8346853641168615 27 0.17364446514834253 9 0.15517905991660683
91 1274 0.16006371273890574 1.570312104494025 -12.0 -12.0 -10.0 -7.0 0.8322808341675363 27 0.16718936408551835 9 0.14905405194685153
92 1288 0.15625571590796414 1.570312104494025 -12.0 -12.0 -10.0 -7.0 0.8322808341675363 27 0.16286058475133358 9 0.1453942212828605
93 1302 0.15565809775636472 1.5774329994220426 -12.0 -12.0 -11.0 -9.0 0.8285273608420238 27 0.16220182923410076 9 0.14465821896208814
94 1316 0.15626779032593505 1.5774329994220426 -12.0 -12.0 -11.0 -8.0 0.8285273608420238 27 0.16298426625599002 9 0.14489935709509177
95 1330 0.1559786098670669 1.5755425651315327 -12.0 -12.0 -11.0 -9.0 0.8254730618025613 27 0.1624158831197151 9 0.1445754514627203
96 1344 0.15505065837117313 1.5755425651315327 -12.0 -12.0 -12.0 -10.0 0.8254730618025613 27 0.16116189947809403 9 0.14366440758756366
97 1358 0.2148680138164097 1.5776490395597118 -12.0 -12.0 -11.0 -9.0 0.8219556693541223 27 0.22321204635828656 9 0.1992473284239762
98 1372 0.21095166863626652 1.5776490395597118 -12.0 -12.0 -11.0 -8.0 0.8219556693541223 27 0.21871146118375587 9 0.19530299603513404
99 1386 0.21015337552607516 1.5728985157951814 -12.0 -12.0 -10.0 -7.0 0.8212761434231401 27 0.21761652501088233 9 0.1941102038670103
100 1400 0.20939865411686126 1.5728985157951814 -12.0 -12.0 -10.0 -9.0 0.8212761434231401 10 0.21674404237677222 9 0.1931180913967508
101 1414 0.20369928319790764 1.5683995752363613 -12.0 -12.0 -11.0 -8.0 0.8213962262940269 10 0.21114951497207998 9 0.1878428965495824
102 1428 0.19813804952727526 1.5683995752363613 -12.0 -12.0 -11.0 -8.0 0.8213962262940269 10 0.20522198017250234 9 0.1825312042476065
103 1442 0.19638609458510817 1.5703331556255018 -12.0 -12.0 -10.0 -9.0 0.8197167845905455 10 0.2035728982725371 9 0.18112889394662546
104 1456 0.1949401807683195 1.5703331556255018 -12.0 -12.0 -11.0 -7.0 0.8197167845905455 10 0.20211772019490687 9 0.17956308277821198
105 1470 0.1959913402330308 1.5774415144767664 -12.0 -12.0 -11.0 -9.0 0.8169191992943022 10 0.20356608570001586 9 0.18035077079287998
106 1484 0.1926589757999909 1.5774415144767664 -12.0 -12.0 -12.0 -10.0 0.8169191992943022 10 0.19989337924088665 9 0.17698555174168631
107 1498 0.26417191455728056 1.5809384785286142 -12.0 -12.0 -11.0 -10.0 0.8142184486959054 10 0.27372663471120423 9 0.24253128409840005
108 1512 0.26105632487536684 1.5809384785286142 -12.0 -12.0 -10.0 -9.0 0.8142184486959054 10 0.2710598115757629 9 0.2404700679036836
109 1526 0.25616456353253114 1.5859856210407044 -12.0 -12.0 -10.0 -6.0 0.8112199287864796 10 0.2662342011329254 9 0.23558779308005118
110 1540 0.24780055816645485 1.5859856210407044 -12.0 -12.0 -10.0 -9.0 0.8112199287864796 10 0.25732208758067027 9 0.22759429205304493
111 1554 0.23812118543672908 1.5930024214581393 -12.0 -12.0 -11.0 -8.0 0.8081963011599653 10 0.24724847563687977 9 0.21851515429219845
112 1568 0.23339332372293728 1.5930024214581393 -12.0 -12.0 -10.0 -8.0 0.8081963011599653 10 0.24208369093413779 9 0.21364947719654645
113 1582 0.23281299386181928 1.6019966560387995 -12.0 -12.0 -11.0 -8.0 0.8043250501812819 10 0.24082967599988123 9 0.21268624679558518
114 1596 0.23105022101601783 1.6019966560387995 -12.0 -12.0 -11.0 -7.0 0.8043250501812819 10 0.2384572951316808 9 0.2108800692512039
115 1610 0.2231385643735991 1.6048316484160596 -12.0 -12.0 -10.0 -8.0 0.8006511945011983 10 0.22991617074640727 9 0.203448838529474
116 1624 0.21850765830007557 1.6048316484160596 -12.0 -12.0 -11.0 -7.0 0.8006511945011983 10 0.2246917569283252 9 0.19884865793581222
117 1638 0.217487476479642 1.6091946935718182 -12.0 -12.0 -11.0 -8.0 0.7985224734463575 10 0.22326588183908228 9 0.19788230249951122
118 1652 0.2168445565882321 1.6091946935718182 -12.0 -12.0 -10.0 -7.0 0.7985224734463575 10 0.22320627468075419 9 0.19736607768483216
119 1666 0.21013548412125044 1.6175750612908013 -12.0 -12.0 -11.0 -8.0 0.7967081440505158 10 0.21633706334263414 9 0.19073308127347607
120 1680 0.20004227631770283 1.6175750612908013 -12.0 -12.0 -11.0 -8.0 0.7967081440505158 10 0.20606429906124166 9 0.1811586775862645
121 1694 0.19532562531887246 1.6255208365116012 -12.0 -12.0 -11.0 -8.0 0.7931134970153003 10 0.20112806120013962 9 0.17666717875524696
122 1708 0.1913119724944745 1.6255208365116012 -12.0 -12.0 -11.0 -9.0 0.7931134970153003 10 0.19691433261463892 9 0.172761585576223
123 1722 0.18901418458208252 1.6300885488801244 -12.0 -12.0 -12.0 -10.0 0.790455441878926 10 0.19456879469916244 9 0.17087994154688063
124 1736 0.2617556234928654 1.6300885488801244 -12.0 -12.0 -11.0 -7.0 0.790455441878926 10 0.27020699287679156 9 0.23636818731128742
125 1750 0.2582498479755803 1.6414751701774644 -12.0 -12.0 -10.0 -8.0 0.7864782080813094 10 0.26605256196884114 9 0.2333728576530376
126 1764 0.2571848653675085 1.6414751701774644 -12.0 -12.0 -11.0 -10.0 0.7864782080813094 10 0.2647225443801233 9 0.23249548504362044
127 1778 0.2612711094760644 1.638735615254493 -12.0 -12.0 -11.0 -8.0 0.7848077200510628 10 0.26969587874494316 9 0.23652462620930784
128 1792 0.26753798098001547 1.638735615254493 -12.0 -12.0 -11.0 -8.0 0.7848077200510628 10 0.27603027551967957 9 0.24278981570108393
129 1806 0.2691530651236066 1.6460787411858915 -12.0 -12.0 -11.0 -9.0 0.7818113571690675 10 0.27771289183534476 9 0.2442600492615493
130 1820 0.27555330890708335 1.6460787411858915 -12.0 -12.0 -11.0 -8.0 0.7818113571690675 10 0.28433102533744 9 0.25138743532310953
131 1834 0.2818633387672566 1.6494099788167065 -12.0 -12.0 -11.0 -8.0 0.778934114788131 10 0.29072350629665555 9 0.25777847983671126
132 1848 0.2796185858064153 1.6494099788167065 -12.0 -12.0 -11.0 -9.0 0.778934114788131 10 0.28835120161477124 9 0.2559645298634552
133 1862 0.27313446713689693 1.664545585233637 -12.0 -12.0 -11.0 -8.0 0.7753242777270652 10 0.28107082769405145 9 0.25000790729661804
134 1876 0.26486664199873355 1.664545585233637 -12.0 -12.0 -11.0 -0.8414422815496271 0.7753242777270652 10 0.2725266001676348 9 0.24275055489818065
135 1890 0.2570356384028748 1.6804734257393148 -12.0 -12.0 -11.0 -7.0 0.7718021301399599 10 0.26467062294006 9 0.23518339480270045
136 1904 0.2520990886074083 1.6804734257393148 -12.0 -12.0 -11.0 -8.0 0.7718021301399599 10 0.25921220883849255 9 0.23223372609976153
137 1918 0.2500548095329065 1.6900331750503907 -12.0 -12.0 -12.0 -9.0 0.7708876705114671 10 0.2569360849151313 9 0.23113377751359365
138 1932 0.34905275886465076 1.6900331750503907 -12.0 -12.0 -11.0 -9.0 0.7708876705114671 10 0.3589822539366633 14 0.3226836637568183
139 1946 0.3459166971395599 1.7169601603013946 -12.0 -12.0 -10.0 -9.0 0.7672773236049515 10 0.3553657554934121 14 0.319669475935688
140 1960 0.32718765547874035 1.7169601603013946 -12.0 -12.0 -11.0 -9.0 0.7672773236049515 10 0.3361360633998739 14 0.30177024240952327
141 1974 0.31779913669584087 1.7412193940883298 -12.0 -12.0 -11.0 -7.0 0.7665471542172219 10 0.32583895065663254 14 0.2925283271968237
142 1988 0.30658834332872115 1.7412193940883298 -12.0 -12.0 -11.0 -8.0 0.7665471542172219 10 0.3141300756980114 14 0.28188914937548254
143 2002 0.29496745817296394 1.7482471635074683 -12.0 -12.0 -10.0 -9.0 0.7640966017555183 10 0.3016880806831655 14 0.27073722161177455
144 2016 0.2887261222051641 1.7482471635074683 -12.0 -12.0 -12.0 -9.0 0.7640966017555183 10 0.2956698201982028 14 0.26456461445199364
145 2030 0.4031758340307389 1.7516794426326578 -12.0 -12.0 -10.0 -8.0 0.7612135023192388 10 0.4123212951178877 14 0.36957491969641415
146 2044 0.3989462761488864 1.7516794426326578 -12.0 -12.0 -9.0 -8.0 0.7612135023192388 10 0.40784048834860653 14 0.3654381358958958
147 2058 0.3949195444948932 1.7527505900710139 -12.0 -12.0 -11.0 -9.0 0.7579900493588969 10 0.4031177829500358 14 0.36171509555752146
148 2072 0.3873931605109749 1.7527505900710139 -12.0 -11.0 -10.0 -6.0 0.7579900493588969 10 0.3949664380751424 14 0.35434567964443187
149 2086 0.367678927955356 1.7620990379871746 -12.0 -12.0 -10.0 -8.0 0.7548784499888627 10 0.3743083487838373 14 0.3378555081680008
150 2100 0.3581111817759413 1.7620990379871746 -12.0 -12.0 -11.0 -9.0 0.7548784499888627 10 0.3641623560126642 5 0.32842031619181883
151 2114 0.3530964386460859 1.7637371487788238 -12.0 -11.0 -10.0 -8.0 0.7532709835248462 10 0.3587529009457191 5 0.3239147147642854
152 2128 0.3403010401404726 1.7637371487788238 -12.0 -12.0 -10.0 -0.8945326371626421 0.7532709835248462 10 0.34545019136182126 5 0.3114700122472265
153 2142 0.336120074470424 1.7632756504168383 -12.0 -12.0 -11.0 -9.0 0.7511028178331489 10 0.3411993836436898 5 0.3069679519450092
154 2156 0.33650638039600234 1.7632756504168383 -12.0 -12.0 -11.0 -9.0 0.7511028178331489 10 0.3415073807774739 5 0.307167808728077
155 2170 0.3331047645252251 1.7711276054696514 -12.0 -12.0 -11.0 -8.0 0.7496792351211012 27 0.337633371885236 5 0.30377539870079945
156 2184 0.33009843779027587 1.7711276054696514 -12.0 -12.0 -11.0 -8.0 0.7496792351211012 27 0.3344882429756988 5 0.30042700859840976
157 2198 0.32216069055274527 1.768054528758707 -12.0 -12.0 -11.0 -7.0 0.7487857600604823 27 0.32728610801361047 5 0.2927861614044684
158 2212 0.314026671335401 1.768054528758707 -12.0 -12.0 -11.0 -0.8945326371626421 0.7487857600604823 27 0.32003127500146894 5 0.28525936977368116
159 2226 0.3034424069761235 1.765754179057954 -12.0 -12.0 -11.0 -8.0 0.7473459401847242 27 0.30945833296320113 5 0.2751913419841263
160 2240 0.29477350420522724 1.765754179057954 -12.0 -12.0 -11.0 -9.0 0.7473459401847242 27 0.3011115621117731 5 0.2676772297661989
161 2254 0.2919084753427469 1.7687733478139582 -12.0 -12.0 -11.0 -9.0 0.7442813657529482 27 0.30004224785114797 6 0.26501917322848517
162 2268 0.2923519404486111 1.7687733478139582 -12.0 -12.0 -11.0 -7.0 0.7442813657529482 27 0.3007673143810645 6 0.26562812379182976
163 2282 0.29042400800423757 1.7723292212064916 -12.0 -12.0 -11.0 -8.0 0.7419546618239143 27 0.29896629785042356 6 0.2637034960993373
164 2296 0.2847586522434304 1.7723292212064916 -12.0 -12.0 -12.0 -10.0 0.7419546618239143 27 0.2932223789652751 6 0.2582957005229389
165 2310 0.3984744030186745 1.7724976082589468 -12.0 -12.0 -11.0 -9.0 0.7389572803623832 27 0.4108125029789211 24 0.36146846200322413
166 2324 0.3995586686436921 1.7724976082589468 -12.0 -12.0 -11.0 -7.0 0.7389572803623832 27 0.41295190142764 24 0.3618425997576877
167 2338 0.39884221986578583 1.785026269307074 -12.0 -12.0 -12.0 -8.0 0.7358871680370916 27 0.412246189823107 24 0.3606496258918679
168 2352 0.5607849184780669 1.785026269307074 -12.0 -12.0 -10.0 -7.0 0.7358871680370916 27 0.5802298821152458 24 0.5061287289013374
169 2366 0.5736886769712335 1.7995665859818906 -12.0 -12.0 -10.0 -7.0 0.7332953745214678 27 0.6022950265859913 24 0.5164453086111221
170 2380 0.576217499008901 1.7995665859818906 -12.0 -12.0 -10.0 -5.0 0.7332953745214678 27 0.6063180907022242 24 0.5182146370110274
171 2394 0.5686636776340147 1.848627348641606 -12.0 -12.0 -10.0 -9.0 0.7303577817440594 27 0.5989391286361399 24 0.5116679611755893
172 2408 0.5565827043666636 1.848627348641606 -12.0 -12.0 -10.0 -7.0 0.7303577817440594 27 0.5861147081778402 24 0.4998681438093883
173 2422 0.5621570486953597 1.857931968136816 -12.0 -12.0 -10.0 -8.0 0.7272901928120242 27 0.5922923312880515 24 0.5036022427513805
174 2436 0.5536757482383122 1.857931968136816 -12.0 -12.0 -11.0 -8.0 0.7272901928120242 27 0.5833498919788142 24 0.4948654554846462
175 2450 0.5400664191086092 1.8806353984767477 -12.0 -12.0 -11.0 -0.8927815177223899 0.7263029000377106 27 0.5695398659146408 24 0.4817054745830434
176 2464 0.5231185089576643 1.8806353984767477 -12.0 -12.0 -11.0 -6.0 0.7263029000377106 27 0.5507308489338865 24 0.46597554763676885
177 2478 0.5096141604355546 1.8853864277220604 -12.0 -12.0 -10.0 -8.0 0.724540129756215 27 0.5355345845650777 24 0.45299857979119423
178 2492 0.5001541347623175 1.8853864277220604 -12.0 -12.0 -10.0 -8.0 0.724540129756215 27 0.5252460449401103 24 0.4450807404251917
179 2506 0.49698051821201206 1.891853752855841 -12.0 -12.0 -11.0 -9.0 0.7218795099013933 27 0.521487813541153 24 0.4420954809316211
180 2520 0.4965123756686433 1.891853752855841 -12.0 -12.0 -11.0 -8.0 0.7218795099013933 27 0.5214309419737814 24 0.44250139914525
181 2534 0.4911775770831289 1.8975484357961614 -12.0 -12.0 -11.0 -9.0 0.7195920745946789 27 0.5159335378292277 24 0.43710708269808424
182 2548 0.48991850035171663 1.8975484357961614 -12.0 -12.0 -11.0 -0.8882334449074485 0.7195920745946789 27 0.5135079319322813 24 0.43660942127622515
183 2562 0.489355726154808 1.9060627463939084 -12.0 -12.0 -11.0 -9.0 0.7170519384992684 27 0.5132749828110298 24 0.4370231523191932
184 2576 0.4831471711684843 1.9060627463939084 -12.0 -12.0 -11.0 -9.0 0.7170519384992684 27 0.5063927304210039 24 0.43209332433425574
185 2590 0.47829894272119416 1.9063234231099304 -12.0 -12.0 -11.0 -9.0 0.7170029174783169 27 0.5005642586593791 24 0.42870080868548505
186 2604 0.4706656269397734 1.9063234231099304 -12.0 -12.0 -11.0 -9.0 0.7170029174783169 27 0.4937573792715719 24 0.4214315218731881
187 2618 0.45809575017909154 1.9134206519728898 -12.0 -12.0 -11.0 -8.0 0.7142937593374178 27 0.4802519521700485 24 0.4106808920831835
188 2632 0.44915939637599284 1.9134206519728898 -12.0 -12.0 -12.0 -7.0 0.7142937593374178 27 0.4713207409051362 24 0.40212386317025184
189 2646 0.6306988171080085 1.9106758029936466 -12.0 -12.0 -11.0 -8.0 0.7137678202935185 27 0.6636846754821711 24 0.5640646683183957
190 2660 0.621724996593624 1.9106758029936466 -12.0 -12.0 -10.0 -7.0 0.7137678202935185 27 0.6529006397428618 24 0.5561237538868189
191 2674 0.61265764415852 1.909703252189787 -12.0 -12.0 -11.0 -0.8920696431940253 0.7122496004339538 27 0.6450964254409763 24 0.5484141300997836
192 2688 0.6046052840752472 1.909703252189787 -12.0 -12.0 -11.0 -7.0 0.7122496004339538 27 0.6382753927906618 24 0.5412248988801855
193 2702 0.5859907875833869 1.9079890325655284 -12.0 -12.0 -10.0 -8.0 0.7104060873332059 27 0.6184968826810465 24 0.5237630354412718
194 2716 0.5724049210718416 1.9079890325655284 -12.0 -12.0 -10.0 -8.0 0.7104060873332059 27 0.6042544948952848 24 0.5125517754347633
195 2730 0.5584338257969339 1.9129106884602873 -12.0 -12.0 -11.0 -7.0 0.7090207947682436 27 0.5908837542313726 24 0.49983027258210894
196 2744 0.5490568995533472 1.9129106884602873 -12.0 -12.0 -11.0 -10.0 0.7090207947682436 27 0.5797987010225233 5 0.4907778226024005
197 2758 0.5403201212892365 1.9167593271097403 -12.0 -12.0 -11.0 -8.0 0.7078229841711038 27 0.5695902782930969 5 0.4818899411539581
198 2772 0.5339921903443894 1.9167593271097403 -12.0 -12.0 -11.0 -9.0 0.7078229841711038 27 0.5659875592222977 5 0.4750027111661608
199 2786 0.5203588001399442 1.9212810534795166 -12.0 -12.0 -10.0 -8.0 0.7064189029261242 27 0.5517075432517705 5 0.461831953839827
200 2800 0.5064300789814182 1.9212810534795166 -12.0 -12.0 -11.0 -9.0 0.7064189029261242 27 0.536300080850961 5 0.44958807743773405
201 2814 0.49839870229166444 1.9252600974792868 -12.0 -12.0 -11.0 -8.0 0.7046271835004471 27 0.528707905943493 5 0.4429806023283655
202 2828 0.4849868218098538 1.9252600974792868 -12.0 -12.0 -10.0 -8.0 0.7046271835004471 27 0.514414543079227 5 0.4304723082870561
203 2842 0.48514454240005017 1.9362990242994154 -12.0 -12.0 -11.0 -8.0 0.7022735722967052 27 0.5151014796888179 5 0.43024445451641946
204 2856 0.47212085451638264 1.9362990242994154 -12.0 -12.0 -11.0 -10.0 0.7022735722967052 27 0.501198711259101 5 0.4186844009958146
205 2870 0.45539647585115445 1.9412767131770026 -12.0 -12.0 -11.0 -10.0 0.6996658836189144 27 0.48442933676539857 5 0.40329242330389686
206 2884 0.44612905771872297 1.9412767131770026 -12.0 -12.0 -11.0 -8.0 0.6996658836189144 27 0.4739253466796537 8 0.3963247549515948
207 2898 0.44023968777810724 1.943258566948013 -12.0 -12.0 -12.0 -10.0 0.697800720130763 27 0.4674136045915186 8 0.39022340020937935
208 2912 0.6110474825811407 1.943258566948013 -12.0 -12.0 -11.0 -8.0 0.697800720130763 27 0.6480680462118659 8 0.5403021720811182
209 2926 0.6056700983078683 1.9500221613839372 -12.0 -12.0 -12.0 -9.0 0.6948833005317779 27 0.6421542757179993 8 0.5352657834588045
210 2940 0.8572120491383709 1.9500221613839372 -12.0 -12.0 -10.0 -7.0 0.6948833005317779 27 0.9130947618211087 8 0.7575662455613207
211 2954 0.866478458263305 1.9711430382622788 -12.0 -11.0 -10.0 -8.0 0.6924477154531381 27 0.9220780493026932 8 0.7649436101144667
212 2968 0.8631690685577377 1.9711430382622788 -12.0 -12.0 -11.0 -9.0 0.6924477154531381 27 0.9179787275067641 8 0.7621992114799387
213 2982 0.8667274696817245 1.9968654972489972 -12.0 -12.0 -11.0 -8.0 0.6912358563385432 27 0.9201872811770969 8 0.7644781026406079
214 2996 0.8608482303915703 1.9968654972489972 -12.0 -12.0 -10.0 -7.0 0.6912358563385432 27 0.9144869031399492 8 0.7584670165982286
215 3010 0.8602032015010812 2.008739357465328 -12.0 -12.0 -9.0 -8.0 0.6902939139028429 27 0.9133852554995593 8 0.7584629290845663
216 3024 0.872500021236396 2.008739357465328 -12.0 -11.0 -9.0 -7.0 0.6902939139028429 27 0.9255284754140313 8 0.7681476895777781
217 3038 0.8856540232441723 2.0369338762481926 -12.0 -11.0 -10.0 -7.0 0.6871164509768707 27 0.9413779574605095 8 0.778094250083358
218 3052 0.8954351076944984 2.0369338762481926 -12.0 -11.0 -10.0 -8.0 0.6871164509768707 27 0.9533003482333189 8 0.7848186584021902
219 3066 0.9492714785342344 2.061553304060745 -12.0 -11.0 -10.0 -9.0 0.6847646202183715 27 1.019855598888411 8 0.8308622790067295
220 3080 0.9961254993604141 2.061553304060745 -12.0 -11.0 -10.0 -8.0 0.6847646202183715 27 1.075133306264609 8 0.8702438160998641
221 3094 1.0255656823610193 2.1142009928610435 -12.0 -11.0 -10.0 -8.0 0.6829816887160614 27 1.1069238056939754 8 0.8948566215200429
222 3108 1.0501667477811005 2.1142009928610435 -12.0 -11.0 -10.0 -8.0 0.6829816887160614 27 1.1360763151584776 8 0.9144763245018394
223 3122 1.0705682891591712 2.1387283541329487 -12.0 -11.0 -10.0 -8.0 0.6804490287405481 27 1.1579029443371769 8 0.931153986925477
224 3136 1.1043852374724992 2.1387283541329487 -12.0 -11.0 -10.0 -8.0 0.6804490287405481 27 1.1935725646411284 8 0.9590455358908009
225 3150 1.1398400868849246 2.1558322253424573 -12.0 -11.0 -10.0 -7.0 0.6790057552086681 27 1.2306053942803221 8 0.9882994595455502
226 3164 1.1759715733501699 2.1558322253424573 -12.0 -11.0 -10.0 -8.0 0.6790057552086681 27 1.2678181621085047 8 1.0175399826696359
227 3178 1.2309111169061935 2.171320052570966 -12.0 -11.0 -10.0 -8.0 0.677544721002187 27 1.3244459251932845 8 1.066806828732318
228 3192 1.249947442210282 2.171320052570966 -12.0 -11.0 -10.0 -8.0 0.677544721002187 27 1.3457014217449672 8 1.0839289123711298
229 3206 1.2576812055211897 2.179504912483285 -12.0 -11.0 -10.0 -9.0 0.6773357118193023 27 1.351546216538221 8 1.090358438097834
230 3220 1.262763680080163 2.179504912483285 -12.0 -11.0 -10.0 -9.0 0.6773357118193023 27 1.3549073222368346 8 1.10357756366304
231 3234 1.2699348515593367 2.1925700827107812 -12.0 -11.0 -10.0 -9.0 0.6764529076777686 27 1.3605128645448485 8 1.1103186904635425
232 3248 1.294828960606226 2.1925700827107812 -12.0 -11.0 -10.0 -9.0 0.6764529076777686 27 1.3880698322990788 8 1.1359162233195486
233 3262 1.3066853997543997 2.2034536790196886 -12.0 -11.0 -10.0 -10.0 0.6756293454976503 27 1.406708768828525 8 1.1509454001029555
234 3276 1.3045752764127976 2.2034536790196886 -12.0 -11.0 -10.0 -7.0 0.6756293454976503 27 1.4029693051794685 8 1.15217699994517
235 3290 1.2602156397469841 2.2175170485551376 -12.0 -11.0 -10.0 -9.0 0.6749019551243125 27 1.3547951787798158 8 1.1144097460863607
236 3304 1.2357055420249374 2.2175170485551376 -12.0 -11.0 -11.0 -9.0 0.6749019551243125 27 1.32684490256089 8 1.0934036141515695
237 3318 1.7298316876512725 2.202737159936171 -12.0 -11.0 -10.0 -0.8670128909024325 0.6799585747426993 27 1.857067524446993 8 1.5306491819060857
238 3332 1.6972767575406609 2.202737159936171 -12.0 -11.0 -10.0 -9.0 0.6799585747426993 27 1.8188794549269371 8 1.4993403854308711
239 3346 1.6561101372539062 2.203164348987718 -12.0 -11.0 -10.0 -8.0 0.6804425834974562 27 1.7732445206041096 8 1.4619175487996179
240 3360 1.5992912190674107 2.203164348987718 -12.0 -11.0 -10.0 -8.0 0.6804425834974562 27 1.7119988068786882 8 1.41142244135031
241 3374 1.5535025744072877 2.210231916597526 -12.0 -11.0 -10.0 -9.0 0.6784899588659823 27 1.662209923263976 8 1.3735116742123867
242 3388 1.5217681753029402 2.210231916597526 -12.0 -11.0 -10.0 -8.0 0.6784899588659823 27 1.6272306384708357 8 1.3480037502737061
243 3402 1.5030950283575735 2.225795820498683 -12.0 -11.0 -11.0 -8.0 0.6762439550919951 27 1.6042566535482616 8 1.3347066711539874
244 3416 2.0646888212316283 2.225795820498683 -12.0 -11.0 -10.0 -8.0 0.6762439550919951 27 2.199946261076281 16 1.8323866968630054
245 3430 2.0164763352437207 2.242930428669751 -12.0 -11.0 -10.0 -8.0 0.6738381159540989 27 2.150476853845002 16 1.786003591747707
246 3444 1.9679636031535976 2.242930428669751 -12.0 -11.0 -10.0 -7.0 0.6738381159540989 27 2.096955165025527 16 1.7450140299473158
247 3458 1.9070626695041633 2.2576309078929264 -12.0 -11.0 -9.0 -0.8945326371626421 0.6715477130600026 27 2.0290051648299485 6 1.690179606931515
248 3472 1.8920683206824815 2.2576309078929264 -12.0 -11.0 -10.0 -9.0 0.6715477130600026 27 2.01258310734545 6 1.674251446838688
249 3486 1.8944454420530965 2.2668477546617263 -12.0 -11.0 -10.0 -7.0 0.6687885085850903 27 2.0108084037730065 6 1.674757097358379
250 3500 1.9469711359034336 2.2668477546617263 -12.0 -11.0 -10.0 -8.0 0.6687885085850903 27 2.0619234367742063 6 1.7210939806845351
251 3514 1.972967169374014 2.2908059552788598 -12.0 -11.0 -10.0 -8.0 0.6661534859076874 27 2.0964986793839997 6 1.7470808644057967
252 3528 1.9627533421091727 2.2908059552788598 -12.0 -11.0 -10.0 -7.0 0.6661534859076874 27 2.0819293123238136 6 1.736240262942989
253 3542 1.9849919244025889 2.3201372184123574 -12.0 -11.0 -10.0 -8.0 0.6629975916914866 27 2.1060087871023567 20 1.7564947904058523
254 3556 2.025805591240795 2.3201372184123574 -12.0 -11.0 -10.0 -8.0 0.6629975916914866 27 2.153469114270424 6 1.7924901240765627
255 3570 2.0352650476045677 2.3342089539245143 -12.0 -11.0 -11.0 -8.0 0.663776948211504 27 2.1623085782135396 20 1.7983631795823685
256 3584 2.914766325383093 2.3342089539245143 -12.0 -11.0 -10.0 -6.0 0.663776948211504 27 3.101092993058223 20 2.57135432989339
257 3598 2.8673715134257827 2.343425747272809 -12.0 -11.0 -10.0 -6.0 0.6647290170897571 27 3.045621639561234 20 2.5258058761703945
258 3612 2.7851775008387474 2.343425747272809 -12.0 -11.0 -9.0 -8.0 0.6647290170897571 27 2.955184038704132 20 2.4554914851105876
259 3626 2.7694700602219595 2.3659740119632313 -12.0 -11.0 -9.0 -7.0 0.6630060983170574 27 2.948890210413038 20 2.438464715690591
260 3640 2.8323517775927036 2.3659740119632313 -12.0 -11.0 -10.0 -8.0 0.6630060983170574 27 3.0208289696422286 20 2.494704232569223
261 3654 2.902776795410418 2.381859351812863 -12.0 -11.0 -10.0 -9.0 0.6640586631695751 27 3.0999255437303717 20 2.555919777687689
262 3668 2.9392185474111283 2.381859351812863 -12.0 -11.0 -10.0 -7.0 0.6640586631695751 27 3.1390654881949493 20 2.5818683213591473
263 3682 2.9516684696281166 2.3920621274514584 -12.0 -11.0 -10.0 -6.0 0.6645397147118561 27 3.1483382490621494 20 2.589163604258321
264 3696 2.985453356466095 2.3920621274514584 -12.0 -11.0 -9.0 -8.0 0.6645397147118561 27 3.195091165340798 20 2.6181540785484905
265 3710 2.9852701284577567 2.4238152327016333 -12.0 -11.0 -10.0 -8.0 0.6653602736311046 27 3.1927556442623013 20 2.6186151206516506
266 3724 3.0317143477921564 2.4238152327016333 -12.0 -11.0 -10.0 -8.0 0.6653602736311046 27 3.2398315399352193 20 2.6576802046820145
267 3738 3.0913031745114865 2.4432270496333586 -12.0 -11.0 -9.0 -8.0 0.66435504813008 27 3.310673649460246 20 2.707133454425623
268 3752 3.140729997070231 2.4432270496333586 -12.0 -11.0 -10.0 -7.0 0.66435504813008 27 3.36670324381123 20 2.7495831520360423
269 3766 3.2328930999157643 2.4690004666317713 -12.0 -11.0 -10.0 -7.0 0.6655716556708572 27 3.46721696177757 20 2.825421570087799
270 3780 3.293767909201337 2.4690004666317713 -12.0 -11.0 -9.0 -7.0 0.6655716556708572 27 3.5377407435967494 20 2.875316309650987
271 3794 3.3024954118930796 2.4907017423587687 -12.0 -11.0 -10.0 -7.0 0.6647137197654646 27 3.5488646379479185 6 2.887306326866065
272 3808 3.3796685770047206 2.4907017423587687 -12.0 -11.0 -10.0 -5.0 0.6647137197654646 27 3.628029968770484 6 2.9488985126474674
273 3822 3.4407360343716435 2.5074861108210107 -12.0 -11.0 -9.0 -7.0 0.6625303124075455 27 3.6874274383236667 6 2.995231060175219
274 3836 3.4880193537028488 2.5074861108210107 -12.0 -11.0 -8.0 -7.0 0.6625303124075455 27 3.739537076552848 6 3.034883999793046
275 3850 3.5003023984154598 2.5177934293394517 -12.0 -11.0 -10.0 -6.0 0.6613464835685506 27 3.742236282838468 6 3.0419129951344317
276 3864 3.487661553534515 2.5177934293394517 -12.0 -11.0 -10.0 -5.0 0.6613464835685506 27 3.7226812721013927 6 3.033890915611362
277 3878 3.5170651426326733 2.527899865374068 -12.0 -11.0 -10.0 -5.0 0.6607545569635053 27 3.7597614778451094 6 3.053743091553863
278 3892 3.595896484536516 2.527899865374068 -12.0 -11.0 -10.0 -7.0 0.6607545569635053 22 3.8466830332483277 6 3.1182226363764793
279 3906 3.7177588029572455 2.555160741816695 -12.0 -11.0 -10.0 -7.0 0.6606585910851553 22 3.998675353601437 6 3.2190490105466343
280 3920 3.7683121993261413 2.555160741816695 -12.0 -12.0 -9.0 -5.0 0.6606585910851553 22 4.065306969129592 6 3.25936102501779
281 3934 3.768406554766805 2.5967305968084347 -12.0 -11.0 -9.0 -7.0 0.6593700186230481 22 4.067834825831689 6 3.2540209149172377
282 3948 3.7544864730975545 2.5967305968084347 -12.0 -11.0 -9.0 -6.0 0.6593700186230481 22 4.055081490979264 6 3.23615918398826
283 3962 3.772696168456361 2.6109201406971856 -12.0 -12.0 -10.0 -7.0 0.6578870433029361 22 4.073852088534129 6 3.2475869672156232
284 3976 3.7712404707416005 2.6109201406971856 -12.0 -11.0 -10.0 -8.0 0.6578870433029361 22 4.074474209113998 6 3.2493337434055594
285 3990 3.719682753018511 2.6535719405052016 -12.0 -11.0 -10.0 -8.0 0.6564690031670262 22 4.024595971959127 6 3.201007974772823
286 4004 3.6886636168218483 2.6535719405052016 -12.0 -11.0 -11.0 -8.0 0.6564690031670262 22 3.996329534750108 6 3.1666575830589196
287 4018 5.149680605690024 2.675076549537746 -12.0 -10.0 -9.0 -7.0 0.6565200762500198 22 5.569072059216033 6 4.417327264781604
288 4032 5.226285644793754 2.675076549537746 -12.0 -11.0 -10.0 -5.0 0.6565200762500198 22 5.644398411368148 6 4.478405187199018
289 4046 5.115750548404767 2.695061567226723 -12.0 -11.0 -9.0 -4.0 0.6552213505805259 22 5.527930724208516 6 4.380705724003862
290 4060 5.068861390087506 2.695061567226723 -12.0 -11.0 -10.0 -4.0 0.6552213505805259 22 5.493353640032233 6 4.3339596374655205
291 4074 4.940061194341442 2.7107770605127035 -12.0 -11.0 -10.0 -5.0 0.6533832025865887 22 5.352932402349167 6 4.212025580586263
292 4088 4.908832334519775 2.7107770605127035 -12.0 -11.0 -11.0 -5.0 0.6533832025865887 22 5.321148875168803 6 4.181500195262594
293 4102 6.712205396016215 2.711060997385197 -12.0 -11.0 -7.0 -4.0 0.6543740546206431 27 7.281142359076378 6 5.721823167806572
294 4116 6.625923833781326 2.711060997385197 -12.0 -11.0 -10.0 -6.0 0.6543740546206431 22 7.236866970721541 6 5.640617442003437
295 4130 6.6434788431780465 2.7200264604893447 -12.0 -11.0 -10.0 -5.0 0.656445029439306 22 7.278316425739666 6 5.648568652641039
296 4144 6.70050069647947 2.7200264604893447 -12.0 -11.0 -9.0 -7.0 0.656445029439306 22 7.3797938288207865 6 5.696215180280805
297 4158 6.548829675672544 2.7566960070778075 -12.0 -12.0 -10.0 -6.0 0.6571700385659518 22 7.227743481085303 6 5.561607187697449
298 4172 6.396106681128596 2.7566960070778075 -12.0 -11.0 -10.0 -8.0 0.6571700385659518 22 7.0694721868876735 6 5.451791560760458
299 4186 6.205071005241887 2.7750278808632007 -12.0 -11.0 -10.0 -7.0 0.6571580887387509 22 6.843144436160179 6 5.289924676887843
300 4200 5.938327143664067 2.7750278808632007 -12.0 -11.0 -11.0 -9.0 0.6571580887387509 22 6.549535974157038 6 5.06668010854244
301 4214 8.08533502824874 2.7803339089545487 -12.0 -11.0 -8.0 -5.0 0.6564740516107207 22 8.90361298961453 6 6.891597691496608
302 4228 7.939332134303397 2.7803339089545487 -12.0 -11.0 -9.0 -7.0 0.6564740516107207 22 8.764335045984819 6 6.756741553398626
303 4242 7.911983392286975 2.798753062551364 -12.0 -11.0 -9.0 -7.0 0.6544364115974054 22 8.723944110677 6 6.723005704109008
304 4256 7.926692030908069 2.798753062551364 -12.0 -11.0 -8.0 -5.0 0.6544364115974054 22 8.727642689341685 6 6.721951340233711
305 4270 7.991790424801321 2.8176831797512487 -12.0 -11.0 -9.0 -8.0 0.6520263599620068 22 8.853529883826162 6 6.7724521826294675
306 4284 7.996876365235751 2.8176831797512487 -12.0 -11.0 -9.0 -6.0 0.6520263599620068 22 8.85194788620865 6 6.770404489011614
307 4298 7.810345482063141 2.8431636262409037 -12.0 -11.0 -9.0 -6.0 0.6522493531217481 22 8.646537347905955 6 6.600070214781583
308 4312 7.8071200078937455 2.8431636262409037 -12.0 -11.0 -9.0 -5.0 0.6522493531217481 22 8.632973645892003 6 6.587510658427853
309 4326 7.698448751042439 2.870446339312025 -12.0 -11.0 -9.0 -8.0 0.6498765139891682 22 8.502474415029607 6 6.487308368348177
310 4340 7.537741050470968 2.870446339312025 -12.0 -11.0 -9.0 -5.0 0.6498765139891682 22 8.327143115164167 6 6.338951810198254
311 4354 7.5765452853373825 2.8754660954738758 -12.0 -11.0 -10.0 -8.0 0.6533220165896529 22 8.354895393886409 6 6.371145649826698
312 4368 7.608870725044153 2.8754660954738758 -12.0 -11.0 -9.0 -7.0 0.6533220165896529 22 8.397911550607605 6 6.388579302532584
313 4382 7.452198587979352 2.899506168728189 -12.0 -11.0 -10.0 -7.0 0.6516565707573142 22 8.216452311937578 6 6.256918488735226
314 4396 7.570932424330366 2.899506168728189 -12.0 -11.0 -11.0 -8.0 0.6516565707573142 22 8.331058963146795 6 6.358433851439929
315 4410 10.723762013120515 2.9019718471717386 -12.0 -11.0 -9.0 -6.0 0.6532484159284169 22 11.771084664531413 6 9.011462844002217
316 4424 10.722691182864796 2.9019718471717386 -12.0 -11.0 -9.0 -8.0 0.6532484159284169 22 11.767977399774184 6 8.99848873644218
317 4438 10.682951574574997 2.921349802190162 -12.0 -11.0 -10.0 -0.5645253441550515 0.6545593544493798 22 11.703489706337558 6 8.963380004084822
318 4452 10.606447962460397 2.921349802190162 -12.0 -11.0 -11.0 -8.0 0.6545593544493798 7 11.60999650884347 6 8.90380312300741
319 4466 14.976536207425669 2.9390300478377167 -12.0 -10.0 -7.0 -4.0 0.6524113852536334 7 16.36297998984625 6 12.575392922533956
320 4480 15.292397362070874 2.9390300478377167 -12.0 -11.0 -9.0 -6.0 0.6524113852536334 7 16.70866352421863 6 12.817263974648835
321 4494 15.80196765566906 2.960587396333042 -12.0 -11.0 -10.0 -7.0 0.6509973984989168 7 17.481967946461452 6 13.253637832596603
322 4508 16.285109970073503 2.960587396333042 -12.0 -11.0 -10.0 -5.0 0.6509973984989168 7 18.02721912162498 6 13.692308611057966
323 4522 16.455642585472173 3.0260650524667465 -12.0 -11.0 -9.0 -7.0 0.6503277801263335 7 18.28543471904409 6 13.904623809036378
324 4536 16.63914997916169 3.0260650524667465 -12.0 -11.0 -10.0 -6.0 0.6503277801263335 7 18.485946679187872 6 14.070769856056035
325 4550 16.54434327892612 3.0584778781239654 -12.0 -11.0 -9.0 -5.0 0.6499696879118774 7 18.402716507418145 6 13.9683125791808
326 4564 16.456465795713832 3.0584778781239654 -12.0 -11.0 -10.0 -5.0 0.6499696879118774 7 18.334115839629114 6 13.898883152334509
327 4578 16.25344019003217 3.0917000869392557 -12.0 -11.0 -11.0 -5.0 0.6487757981591703 7 18.096110196216653 6 13.692709071305114
328 4592 22.86672335498905 3.0917000869392557 -12.0 -11.0 -8.0 -5.0 0.6487757981591703 7 25.501646089203252 20 19.24622303116798
329 4606 22.68779496180958 3.1216402492212665 -12.0 -11.0 -9.0 -5.0 0.6466784256567705 7 25.329445155452753 20 19.07328207084733
330 4620 22.85455669310701 3.1216402492212665 -12.0 -11.0 -10.0 -5.0 0.6466784256567705 7 25.495923149230663 20 19.19125033584102
331 4634 22.977989746662313 3.1302425823842923 -12.0 -11.0 -11.0 -6.0 0.6456781603245593 7 25.650440816482842 20 19.292177837686957
332 4648 33.69408120078797 3.1302425823842923 -12.0 -11.0 -7.0 -0.9034154198386453 0.6456781603245593 7 37.55882478066502 20 28.254924699358813
333 4662 34.29550321627971 3.1481052237510383 -12.0 -11.0 -9.0 -5.0 0.6453686927960893 7 38.15423176142097 20 28.726244465097736
334 4676 34.816792689575784 3.1481052237510383 -12.0 -11.0 -9.0 -0.4940806302157315 0.6453686927960893 7 38.67648088971235 20 29.14543278504429
335 4690 35.34975445586875 3.1658583377034937 -12.0 -11.0 -10.0 -4.0 0.6446391074889835 7 39.35471710824333 20 29.60482393351128
336 4704 35.78883361868874 3.1658583377034937 -12.0 -11.0 -9.0 -0.5828446041453968 0.6446391074889835 7 39.81381668411069 20 30.003839398133557
337 4718 35.71163100033728 3.2118690626993565 -12.0 -12.0 -11.0 -9.0 0.6440587499466544 7 39.637809712965144 6 29.903975119890124
338 4732 35.278882804074094 3.2118690626993565 -12.0 -11.0 -10.0 -5.0 0.6440587499466544 7 39.23076320338185 20 29.48199415499644
339 4746 35.409157806797445 3.2454738297499754 -12.0 -11.0 -9.0 -6.0 0.6432097175802839 7 39.43917571681904 6 29.566139042414825
340 4760 34.95142049712705 3.2454738297499754 -12.0 -11.0 -11.0 -7.0 0.6432097175802839 7 38.91281209627338 6 29.136124802035063
341 4774 50.50148757024493 3.278009034522557 -12.0 -11.0 -7.0 -5.0 0.6429154557492469 7 56.417253627964904 6 42.0188882028814
342 4788 51.43066215192817 3.278009034522557 -12.0 -11.0 -9.0 -5.0 0.6429154557492469 7 57.56860764952538 6 42.709094574146114
343 4802 51.82343782571881 3.3226086956665966 -12.0 -11.0 -9.0 -6.0 0.6428588346974913 7 58.14329850008697 6 43.014508615758416
344 4816 52.07302903521686 3.3226086956665966 -12.0 -11.0 -8.0 -6.0 0.6428588346974913 7 58.6965687035348 6 43.171168426154686
345 4830 53.17038134579229 3.3694187197416623 -12.0 -11.0 -9.0 -5.0 0.6415266478753628 7 59.91053709942078 6 44.100990551702274
346 4844 52.821904340627334 3.3694187197416623 -12.0 -11.0 -8.0 -5.0 0.6415266478753628 7 59.75156798282194 6 43.75846741998241
347 4858 52.73622004093802 3.3936071957603047 -12.0 -11.0 -9.0 -5.0 0.6411015909651812 7 59.781212929795096 6 43.64361796837332
348 4872 51.378365942309834 3.3936071957603047 -12.0 -11.0 -10.0 -5.0 0.6411015909651812 7 58.34470784295929 6 42.61977417098535
349 4886 51.181302584639994 3.4412992261221507 -12.0 -11.0 -9.0 -5.0 0.6396762083012051 7 58.12078632875861 6 42.38586400879712
350 4900 52.31407861562319 3.4412992261221507 -12.0 -11.0 -11.0 -0.9054766568270597 0.6396762083012051 7 59.594993261962344 6 43.27075349426216
351 4914 74.98094245887111 3.46815114293788 -12.0 -11.0 -7.0 -1.0 0.6375518331381316 7 85.5439524131334 6 62.014123260925224
352 4928 75.2648488871871 3.46815114293788 -12.0 -11.0 -8.0 -0.5831083384427157 0.6375518331381316 7 85.90133105261074 6 62.183244638576326
353 4942 75.42763233539873 3.4903350787580374 -12.0 -11.0 -8.0 -0.5947969176552512 0.6359983910570028 7 86.26089966459858 6 62.34578057036075
354 4956 74.15250229496016 3.4903350787580374 -12.0 -11.0 -8.0 -5.0 0.6359983910570028 7 85.2493375588443 6 61.26072465121425
355 4970 73.22407473565784 3.5380911851203773 -12.0 -11.0 -8.0 -5.0 0.63320728995701 7 84.50471437337248 6 60.58565274126731
356 4984 71.92284255184614 3.5380911851203773 -12.0 -11.0 -11.0 -0.5828446041453968 0.63320728995701 7 83.13293625326908 6 59.433530452217845
357 4998 102.71527163967802 3.5697292674343846 -12.0 -11.0 -10.0 -6.0 0.633683207036687 7 119.32809947742079 6 84.83106218666444
358 5012 104.59843649758209 3.5697292674343846 -12.0 -11.0 -10.0 -6.0 0.633683207036687 7 122.18671780924872 6 86.28693205358877
359 5026 107.3420117142754 3.6364801624290255 -12.0 -11.0 -10.0 -6.0 0.6316880685045257 7 126.29097812904412 6 88.43047317182253
360 5040 107.90465395326083 3.6364801624290255 -12.0 -11.0 -9.0 -7.0 0.6316880685045257 7 127.37616301563803 6 88.95389067086857
361 5054 107.45240794685436 3.7040070123348845 -12.0 -11.0 -11.0 -6.0 0.6309139323434121 7 126.98516809424815 6 88.36462121919924
362 5068 152.7039055607431 3.7040070123348845 -12.0 -11.0 -8.0 -5.0 0.6309139323434121 7 181.15057848787748 6 125.44077965815863
